0.10292
0.28736
0.045
0.13767
0.095
0.20989
0.12605
0.08732
0.24945
0.00641
0.48196
0.04718
0.21103
0.01361
0.17415
0.07239
0.02593
0.39647
0.16271
0.01247
0.34979
0.22303
0.18222
0.65963
0.18764
0.07704
0.04059
0.00712
0.07834
0.68404
0.6058
0.0988
0.2809
0.1318
0.06937
0.16498
0.29322
0.32223
0.01856
0.8673
0.10207
0.07083
0.30423
0.15485
0.32075
0.15315
0.07735
0.07053
0.06088
0.28544
0.29548
0.68641
0.01726
0.07494
0.15988
0.36984
0.72278
0.03404
0.00562
0.34609
0.17092
0.33882
0.35718
0.1093
0.04494
0.36293
0.01902
0.04064
0.06474
0.04243
0.55189
0.11796
0.06045
0.11037
0.00968
0.35849
0.1152
0.02031
0.10777
0.17546
0.03662
0.47255
0.01598
0.04982
0.02462
0.25847
0.15481
0.01583
0.17226
0.46825
0.00846
0.09557
0.76052
0.13981
0.12516
0.32055
0.39538
0.09146
0.08418
0.05509
0.07061
0.11664
0.01738
0.11074
0.01932
0.06511
0.09903
0.08344
0.2471
0.0733
0.00545
0.11729
0.2671
0.42473
0.17368
0.1977
0.0319
0.15377
0.01669
0.0402
0.07796
0.57628
0.03298
0.04042
0.0094
0.00579
0.3808
0.07542
0.01706
0.04786
0.01345
0.52385
0.02564
0.01119
0.13018
0.09133
0.17455
0.21235
0.24183
0.19835
0.0034
0.06246
0.27755
0.00911
0.05681
0.01579
0.31644
0.01254
0.02479
0.57278
0.04457
0.1328
0.04531
0.67119
0.06926
0.08835
0.38693
0.07113
0.0792
0.00725
0.13833
0.05513
0.02742
0.0771
0.14802
0.08607
0.09533
0.12251
0.03684
0.13992
0.30455
0.26834
0.04722
0.07136
0.24753
0.8797
0.01258
0.69486
0.13213
0.12549
0.40808
0.15124
0.46779
0.4251
0.00921
0.18778
0.05983
0.11486
0.12046
0.23069
0.23664
0.62321
0.22623
0.0571
0.16571
0.0165
0.06343
0.13863
0.23478
0.15648
0.05386
0.35554
0.0253
0.32214
0.0631
0.05433
0.2097
0.0794
0.01198
0.12041
0.37227
0.12974
0.08688
0.18516
0.00667
0.31577
0.64941
0.05811
0.28345
0.06088
0.01653
0.02796
0.14525
0.02758
0.11961
0.01148
1.35583
0.12698
0.13376
0.26536
0.13271
0.12329
0.47037
0.16597
0.07019
0.34455
0.34811
0.15122
0.22497
0.00901
0.46892
0.95716
0.01807
0.32841
0.02397
0.10069
0.26736
0.14475
0.172
0.31773
0.09156
0.15126
0.02955
0.1657
0.00018
0.08469
0.09505
0.15078
0.08868
0.0839
0.44283
0.19095
0.03646
0.0941
0.08151
0.10068
0.07944
0.22695
0.09035
0.02811
0.53465
0.1448
0.3435
0.16409
0.2074
0.15041
0.09354
0.03485
0.12734
0.03584
0.06876
0.24643
0.22218
0.42144
0.08925
0.05809
0.3748
0.0079
1.0494
0.26242
0.01783
0.02945
0.29936
0.29601
0.22763
0.09132
0.01837
0.17325
0.22833
0.52106
0.01983
0.08309
0.30148
0.17427
0.04527
0.00209
0.0985
0.1076
0.49871
0.33652
0.36372
0.092
0.58756
0.45934
0.42106
0.15546
0.22095
0.07141
0.44109
0.09902
0.34597
0.17134
0.20559
0.13219
0.19778
0.40905
0.00086
0.22746
0.11457
0.27477
0.30791
1.16407
0.44653
0.35617
0.21603
0.01947
0.64088
0.00166
0.07251
0.12905
0.0188
0.16394
0.93167
0.00151
0.05072
0.1311
0.03726
0.01725
0.13383
0.00245
0.12061
0.07266
0.38355
0.10875
0.1528
0.17392
0.25471
0.04969
0.39417
0.30328
0.16418
0.08581
0.06558
0.04078
0.60211
0.00166
0.01304
0.02828
0.10758
0.08548
0.18337
0.251
0.14847
0.09753
0.06772
0.00565
0.5327
0.12378
0.27781
0.1612
0.36341
0.02336
0.36194
0.24824
0.11481
0.25367
0.03108
0.08156
0.35471
0.2733
0.06463
0.30106
0.33989
0.04348
0.07008
0.24014
0.07963
0.67309
0.01172
0.08841
0.01368
0.17754
0.18311
0.04573
0.21853
0.13126
0.08524
0.2993
0.21558
0.11858
0.10168
0.01074
0.24854
0.11726
0.01039
0.1376
0.4811
0.10111
0.09644
0.19272
0.05507
0.29791
0.17822
0.05933
0.01719
0.16061
0.54771
0.01149
0.20602
0.07601
0.01177
0.67966
0.41077
0.31688
0.07562
0.23885
0.11356
0.01514
0.66528
0.01193
0.09619
0.0447
0.07483
0.01451
0.06244
0.31589
0.10807
0.56988
0.09826
0.05736
0.65241
0.4512
0.00952
0.07558
0.09665
0.34823
0.51266
0.54713
0.29168
0.17298
0.45517
0.12592
0.16123
0.06561
0.04694
0.18835
0.29608
0.05041
0.41651
0.0974
0.07167
0.2578
0.28254
0.0849
0.12408
0.198
0.02824
0.04133
0.18056
0.15688
0.14618
0.16738
0.38051
0.1459
0.45395
1.1903
0.12119
0.02902
0.07577
0.19437
0.07196
0.2661
0.30044
0.12205
0.00403
0.12733
0.17158
0.04453
0.1966
0.04156
0.17128
0.13179
0.0991
0.06629
0.4769
0.32535
0.00245
0.35245
0.14313
0.09319
0.43113
0.09692
0.32436
0.19676
0.18226
0.31596
0.34241
0.0051
0.06272
0.28188
0.06923
0.07246
0.18521
0.05396
0.08467
0.13048
0.20283
0.4296
0.47642
0.0958
0.11082
0.55807
0.02375
0.01724
0.17588
0.15718
0.03098
0.16914
0.06111
0.13997
0.08051
0.05026
0.31913
0.15359
0.05464
0.12041
0.25208
0.31346
0.64484
0.32145
0.35774
0.01544
0.00061
0.0626
0.07499
0.23703
0.24384
0.31078
0.73347
0.14662
0.32468
0.13934
0.53355
0.06371
0.43917
0.17267
0.20881
0.00369
0.44024
0.01211
0.38466
0.67872
0.04121
0.22257
0.26656
0.0155
0.07509
0.15325
0.017
0.07537
0.4903
0.06966
0.00989
0.02892
0.11562
0.51266
0.61294
0.00282
0.18023
0.05481
0.05812
0.05265
0.5413
0.07398
0.62764
0.04578
0.32275
0.03467
0.21879
0.08807
0.02738
0.11645
0.21233
0.12486
0.32239
0.3522
0.87167
0.1484
0.05877
0.44517
0.08683
0.07937
0.36579
0.06014
0.33328
1.23062
0.24789
0.01688
0.03249
0.02521
0.13951
0.3957
0.14142
0.10393
0.10991
0.57374
0.13894
0.27757
0.63856
0.07275
0.2078
0.5317
0.20749
0.40621
0.04267
0.01795
0.00734
0.1165
0.40315
0.02625
0.14405
0.16834
0.09079
0.00073
0.04235
0.19305
0.52136
0.05486
0.10318
0.26382
0.09042
0.08831
0.00954
0.65408
0.29006
0.25124
0.0195
0.10876
0.22297
0.05197
0.0603
0.27134
0.17405
0.1255
0.08041
0.10479
0.53355
0.21048
0.47931
0.16692
0.33757
0.44416
0.1756
0.18101
0.28172
0.17322
0.01173
0.05762
0.24314
0.01007
0.71273
0.24809
0.04463
0.31456
0.4769
0.33196
0.59074
0.04516
0.29003
0.17876
0.17691
0.11435
0.05301
0.69432
0.54147
0.14472
0.24643
0.1208
0.31828
0.05901
0.0034
0.1924
0.17354
0.11819
0.10977
0.01519
0.10768
0.36321
0.15063
0.50666
0.0257
0.44455
0.14713
0.37602
1.03639
0.01103
0.22549
0.02318
0.21954
0.15006
0.29936
0.12426
0.54949
0.50718
0.07951
0.15282
0.31999
0.27468
0.53141
0.01072
0.08396
0.01493
0.08793
0.30429
0.14176
0.06028
0.57934
0.02101
0.17075
0.42689
0.15646
0.07762
0.65472
0.37432
0.20237
0.07324
0.81325
0.40641
0.02091
0.16352
0.11258
0.03748
0.0455
0.13042
0.04838
0.27129
0.20056
0.52376
0.14202
0.0913
0.40945
0.04868
0.10355
0.07083
0.34313
0.08395
0.12153
0.07286
0.24856
0.53291
0.14137
0.38769
0.01119
0.15526
0.51555
0.0774
0.08636
0.15082
0.19572
0.43116
0.31814
0.25585
0.06374
0.34304
0.11351
0.03207
0.02666
0.05736
0.04728
0.28555
0.77274
0.11294
0.45519
0.00488
0.25386
0.41603
0.15426
0.17711
0.24413
0.02243
0.3529
0.0409
0.17234
0.01651
0.28832
0.03779
0.1896
0.44172
0.63554
0.01818
0.08636
0.02744
0.09222
0.03213
0.18317
0.25118
0.12353
0.12131
0.02267
0.11363
0.09523
0.06891
0.18821
0.63715
0.55875
0.28523
0.03163
0.29939
0.01359
0.11527
0.81758
0.26748
0.27306
0.25495
0.09959
0.07872
0.16305
0.18252
0.03836
0.02706
0.80109
0.23326
0.06241
0.26662
0.29296
0.08741
0.03843
0.15766
0.24937
0.17373
0.13214
0.13432
0.23235
0.06436
0.11854
0.13757
0.09329
0.05088
0.07681
0.03246
0.53156
0.10697
0.25124
0.07282
0.25207
0.02817
0.14248
0.59169
0.03558
0.04313
0.06582
0.17783
0.2649
0.21354
0.13311
0.03187
0.01021
0.08806
0.10295
0.06934
0.21889
0.27924
0.07756
0.29562
0.18747
0.36941
0.05654
0.8317
0.10352
0.06702
0.07627
0.19009
0.30831
0.00905
0.04443
0.03338
0.46716
0.13567
0.1662
0.01133
0.00382
0.13031
0.86658
0.00408
0.49334
0.10426
1.10782
0.39826
0.12151
0.10462
0.25691
0.1478
0.28996
0.59234
0.0786
0.26339
0.12622
0.13173
0.00898
0.11108
0.10079
0.05472
0.01083
0.03847
0.27329
0.40002
0.02424
0.11125
0.15348
0.22209
0.09357
0.00315
0.37649
1.47805
0.07832
0.0054
0.1281
0.01394
0.05804
0.1018
0.16811
0.29537
0.11707
0.10859
0.0133
0.28298
0.06381
0.00234
0.19161
0.18572
0.0969
0.47098
1.44274
0.33258
0.07585
0.22933
0.30465
0.5604
0.19173
0.20219
0.12762
0.28925
0.1072
0.10955
0.02144
0.23366
0.09299
0.49958
0.04922
0.22297
0.2765
0.17808
0.51715
0.65724
0.2796
0.51709
0.12288
0.35187
0.76444
0.27106
0.06178
0.19983
0.00318
0.32446
0.00153
0.02235
0.16021
0.70282
0.44412
0.00254
0.98524
0.11188
0.00042
0.52202
0.01774
0.12308
0.20734
0.13252
0.34603
0.14964